-32.6617 -6.14125 
-31.1369 -5.55077 
-32.6104 -6.3077 
-31.2071 -5.78283 
-32.5331 -6.49279 
-31.3146 -5.95445 
-32.4184 -6.62288 
-31.4334 -6.14238 
-32.2261 -6.71716 
-31.5529 -6.29508 
-32.0976 -6.79537 
-31.6818 -6.45823 
-32.0731 -6.87154 
-31.8196 -6.60329 
-32.0992 -6.93319 
-31.9449 -6.74181 
-32.1713 -6.99687 
-32.0152 -6.84101 
-32.2651 -7.06226 
-32.1055 -6.91935 
-32.3535 -7.12491 
-32.1827 -6.98242 
-32.4434 -7.19386 
-32.2693 -7.05099 
-32.5271 -7.26429 
-32.3409 -7.11103 
-32.5904 -7.32884 
-32.3968 -7.17104 
-32.6222 -7.36799 
-32.406 -7.19058 
-32.6443 -7.40391 
-32.4477 -7.22613 
-32.6602 -7.43303 
-32.4703 -7.25476 
-32.6759 -7.47041 
-32.4974 -7.29557 
-32.6833 -7.49557 
-32.5303 -7.33095 
-32.6876 -7.51888 
-32.5533 -7.35909 
-32.6887 -7.55272 
-32.5653 -7.39331 
-32.686 -7.57891 
-32.5748 -7.42349 
-32.6807 -7.60134 
-32.5808 -7.45065 
-32.6677 -7.6333 
-32.5685 -7.47862 
-32.6541 -7.65813 
-32.5605 -7.50531 
-32.6387 -7.679 
-32.543 -7.52597 
-32.6147 -7.70466 
-32.52 -7.55543 
-32.5811 -7.7339 
-32.4875 -7.5866 
-32.5455 -7.76178 
-32.4553 -7.61627 
-32.5104 -7.78417 
-32.4177 -7.64003 
-32.4639 -7.80822 
-32.3682 -7.66441 
-32.4075 -7.83625 
-32.3089 -7.69014 
-32.3243 -7.86415 
-32.2264 -7.72026 
-32.2105 -7.89217 
-32.1155 -7.75095 
-32.0708 -7.92311 
-31.9772 -7.78411 
-31.9417 -7.94712 
-31.8477 -7.80693 
-31.8037 -7.96207 
-31.713 -7.83152 
-31.6759 -7.97912 
-31.59 -7.85667 
-31.5438 -7.99534 
-31.4579 -7.8714 
-31.4208 -8.00901 
-31.3335 -7.87984 
-31.2992 -8.022 
-31.211 -7.8913 
-31.167 -8.03042 
-31.0835 -7.9097 
-30.9505 -7.91374 
-31.0355 -8.03193 
-30.9022 -8.03131 
-30.8196 -7.91731 
-30.7765 -8.03543 
-30.6927 -7.92479 
-30.658 -8.01983 
-30.5591 -7.91625 
-30.5476 -8.01927 
-30.447 -7.92149 
-30.4273 -8.00964 
-30.3319 -7.90879 
-30.3215 -7.99983 
-30.2249 -7.89614 
-30.2136 -7.97859 
-30.1123 -7.86117 
-30.1091 -7.95626 
-30.0106 -7.83958 
-30.0277 -7.92856 
-29.9301 -7.80713 
-29.9658 -7.90195 
-29.8745 -7.78048 
-29.9315 -7.88482 
-29.8383 -7.75739 
-29.8999 -7.86739 
-29.806 -7.73659 
-29.8802 -7.84757 
-29.7863 -7.71358 
-29.8539 -7.8227 
-29.7589 -7.68604 
-29.8423 -7.81403 
-29.8343 -7.80272 
-29.7456 -7.67567 
-29.7366 -7.67028 
-29.8277 -7.7917 
-29.7294 -7.67614 
-29.8222 -7.76754 
-29.7227 -7.67102 
-29.8179 -7.76035 
-29.7205 -7.6523 
-29.8168 -7.75002 
-29.7185 -7.63956 
-29.8189 -7.74194 
-29.7162 -7.62764 
-29.823 -7.71151 
-29.7187 -7.60985 
-29.8335 -7.66689 
-29.7258 -7.56785 
-29.8414 -7.635 
-29.7346 -7.54286 
-29.8543 -7.59799 
-29.748 -7.5138 
-29.8778 -7.53533 
-29.7676 -7.45915 
-29.9113 -7.47669 
-29.793 -7.39984 
-29.9534 -7.41957 
-29.8341 -7.36052 
-30.0192 -7.33449 
-29.8962 -7.28584 
-30.1038 -7.267 
-29.9775 -7.2033 
-30.1951 -7.19273 
-30.0595 -7.13425 
-30.2911 -7.10898 
-30.1403 -7.06352 
-30.3934 -7.02676 
-30.2272 -6.9969 
-30.4905 -6.96292 
-30.3243 -6.9304 
-30.5915 -6.88802 
-30.4176 -6.86067 
-30.6952 -6.82042 
-30.5188 -6.79512 
-30.7904 -6.74937 
-30.6143 -6.72867 
-30.8961 -6.69072 
-30.7064 -6.66784 
-30.9972 -6.63433 
-30.8057 -6.59409 
-31.0835 -6.57878 
-30.8963 -6.53004 
-31.1808 -6.51853 
-30.9881 -6.46689 
-31.2768 -6.46198 
-31.0907 -6.39957 
-31.3723 -6.39341 
-31.1956 -6.33494 
-31.4668 -6.33364 
-31.2853 -6.27646 
-31.5457 -6.27625 
-31.3725 -6.21674 
-31.6448 -6.22581 
-31.4734 -6.15359 
-31.7527 -6.17233 
-31.5815 -6.09933 
-31.8536 -6.11653 
-31.6938 -6.03755 
-31.9572 -6.06387 
-31.8081 -5.98342 
-32.0449 -6.00234 
-31.9206 -5.92886 
-32.1408 -5.95046 
-32.0335 -5.8766 
-32.24 -5.87766 
-32.1598 -5.82056 
-32.337 -5.824 
-32.2993 -5.78349 
-32.4196 -5.76862 
-32.4594 -5.75174 
-32.4566 -5.7355 
-32.5679 -5.73708 
-32.5011 -5.71336 
-32.6443 -5.71714 
-32.5275 -5.70373 
-32.7255 -5.71848 
-32.5514 -5.69259 
-32.7743 -5.70724 
-32.5765 -5.7026 
-32.8106 -5.69589 
-32.5919 -5.70361 
-32.8467 -5.68586 
-32.5975 -5.69323 
-32.8637 -5.6588 
-32.8735 -5.63819 
-32.6051 -5.67244 
-32.8762 -5.61547 
-32.619 -5.66878 
-32.8771 -5.58353 
-32.6181 -5.63389 
-32.8752 -5.55815 
-32.6187 -5.61345 
-32.8722 -5.53611 
-32.6152 -5.58516 
-32.6074 -5.55947 
-32.8607 -5.50222 
-32.844 -5.46491 
-32.5904 -5.52442 
-32.8208 -5.43052 
-32.5656 -5.49318 
-32.5411 -5.45533 
-32.7914 -5.39554 
-32.7543 -5.36258 
-32.5115 -5.42176 
-32.4619 -5.38768 
-32.7122 -5.32974 
-32.4071 -5.34683 
-32.6503 -5.28895 
-32.3284 -5.30061 
-32.5661 -5.24368 
-32.2229 -5.24405 
-32.4496 -5.19015 
-32.129 -5.18779 
-32.341 -5.14642 
-32.0161 -5.15227 
-32.2273 -5.10371 
-31.9132 -5.10532 
-32.1126 -5.06663 
-31.795 -5.07727 
-31.9968 -5.02817 
-31.68 -5.03866 
-31.8832 -4.98679 
-31.5573 -5.00075 
-31.7611 -4.95086 
-31.4387 -4.95723 
-31.6358 -4.91156 
-31.319 -4.91157 
-31.5129 -4.87087 
-31.2079 -4.87267 
-31.3975 -4.83586 
-31.0995 -4.81267 
-31.2778 -4.79634 
-30.9951 -4.73226 
-31.1543 -4.75463 
-30.871 -4.69232 
-31.0337 -4.70784 
-30.7582 -4.62892 
-30.9119 -4.67066 
-30.6306 -4.57516 
-30.7804 -4.64088 
-30.497 -4.53921 
-30.6456 -4.61953 
-30.3553 -4.51902 
-30.5026 -4.60494 
-30.2682 -4.5146 
-30.4186 -4.60705 
-30.2119 -4.51581 
-30.3621 -4.60685 
-30.1671 -4.51893 
-30.3156 -4.61218 
-30.1291 -4.52638 
-30.2772 -4.61941 
-30.0887 -4.53992 
-30.2378 -4.63563 
-30.0532 -4.56092 
-30.1968 -4.65759 
-30.0369 -4.57874 
-30.1813 -4.66831 
-30.0178 -4.59954 
-30.1652 -4.68658 
-29.9988 -4.62358 
-30.151 -4.71307 
-29.99 -4.63992 
-30.1474 -4.73027 
-29.9819 -4.65986 
-30.1408 -4.7505 
-29.9744 -4.68483 
-30.1342 -4.77592 
-29.9688 -4.70882 
-30.1333 -4.79935 
-29.9664 -4.74041 
-30.1273 -4.83197 
-29.9664 -4.78401 
-30.1267 -4.87829 
-29.9702 -4.83364 
-30.1317 -4.92308 
-29.9766 -4.88515 
-30.1412 -4.97308 
-29.9949 -4.94507 
-30.1584 -5.0347 
-30.0174 -5.00449 
-30.1805 -5.09428 
-30.0554 -5.08885 
-30.2204 -5.17381 
-30.1041 -5.17694 
-30.2711 -5.25795 
-30.1679 -5.2759 
-30.3314 -5.36002 
-30.3941 -5.44867 
-30.2278 -5.36753 
-30.2826 -5.45468 
-30.4448 -5.53592 
-30.3405 -5.54727 
-30.5011 -5.6278 
-30.3951 -5.64349 
-30.5583 -5.71987 
-30.4514 -5.7307 
-30.6146 -5.81301 
-30.5124 -5.82284 
-30.677 -5.90707 
-30.57 -5.9116 
-30.7345 -5.99615 
-30.6291 -6.013 
-30.7917 -6.09861 
-30.6822 -6.10122 
-30.848 -6.18534 
-30.7453 -6.19488 
-30.9087 -6.27932 
