-31.5587 -6.55269
-31.5587 -6.55269
-31.5587 -6.55269
-31.5587 -6.55269
-31.5587 -6.55269
-31.5587 -6.55269
-31.5587 -6.55269
-31.5587 -6.55269
-31.5587 -6.55269
-31.5587 -6.55269
-31.5587 -6.55269
-31.5587 -6.55269
-31.5587 -6.55269
-31.5587 -6.55269
-31.5587 -6.55269
-31.5587 -6.55269
-31.5587 -6.55269
-31.5587 -6.55269
-31.5587 -6.55269
-31.5587 -6.55269
-31.5587 -6.55269
-31.5587 -6.55269
-31.5587 -6.55269
-31.5587 -6.55269
-31.5587 -6.55269
-31.5587 -6.55269
-31.5587 -6.55269
-31.5587 -6.55269
-31.5587 -6.55269
-31.5587 -6.55269
-31.5587 -6.55269
-31.5587 -6.55269
-31.5587 -6.55269
-31.5587 -6.55269
-31.5587 -6.55269
-31.5587 -6.55269
-31.5587 -6.55269
-31.5587 -6.55269
-31.5587 -6.55269
-31.5587 -6.55269
-31.5587 -6.55269
-31.5587 -6.55269
-31.5587 -6.55269
-31.5587 -6.55269
-31.5587 -6.55269
-31.5587 -6.55269
-31.5587 -6.55269
-31.5587 -6.55269
-31.5587 -6.55269
-31.5587 -6.55269
-31.5587 -6.55269
-31.5587 -6.55269
-31.5587 -6.55269
-31.5587 -6.55269
-31.5587 -6.55269
-31.5587 -6.55269
-31.5587 -6.55269
-31.5587 -6.55269
-31.5587 -6.55269
-31.5587 -6.55269
-31.5587 -6.55269
-31.5587 -6.55269
-31.5587 -6.55269
-31.5587 -6.55269
-31.5587 -6.55269
-31.5587 -6.55269
-31.5587 -6.55269
-31.5587 -6.55269
-31.5587 -6.55269
-31.5587 -6.55269
-31.5587 -6.55269
-31.5587 -6.55269
-31.5587 -6.55269
-31.5587 -6.55269
-31.5587 -6.55269
-31.5587 -6.55269
-31.5587 -6.55269
-31.5587 -6.55269
-31.5587 -6.55269
-31.5587 -6.55269
-31.5587 -6.55269
-31.5587 -6.55269
-31.5587 -6.55269
-31.5587 -6.55269
-31.5587 -6.55269
-31.5587 -6.55269
-31.5587 -6.55269
-31.5587 -6.55269
-31.5587 -6.55269
-31.5587 -6.55269
-31.5587 -6.55269
-31.5587 -6.55269
-31.5587 -6.55269
-31.5587 -6.55269
-31.5587 -6.55269
-31.5587 -6.55269
-31.5587 -6.55269
-31.5587 -6.55269
-31.5587 -6.55269
-31.5587 -6.55269
-31.5587 -6.55269
-31.5587 -6.55269
-31.5587 -6.55269
-31.5587 -6.55269
-31.5587 -6.55269
-31.5587 -6.55269
-31.5587 -6.55269
-31.5587 -6.55269
-31.5587 -6.55269
-31.5587 -6.55269
-31.5587 -6.55269
-31.5587 -6.55269
-31.5587 -6.55269
-31.5587 -6.55269
-31.5587 -6.55269
-31.5611 -6.55227
-31.5718 -6.55043
-31.586 -6.54809
-31.6036 -6.54557
-31.6194 -6.54356
-31.6393 -6.54133
-31.6569 -6.53957
-31.6788 -6.53758
-31.6978 -6.53594
-31.5792 -6.57649
-31.6035 -6.57797
-31.6244 -6.57922
-31.6494 -6.58064
-31.6706 -6.58178
-31.6488 -6.59543
-31.6445 -6.6065
-31.6683 -6.61033
-31.6881 -6.61354
-31.711 -6.61743
-31.7173 -6.62088
-31.6817 -6.62531
-31.7029 -6.63179
-31.7208 -6.6375
-31.7431 -6.64492
-31.7619 -6.65138
-31.7315 -6.66506
-31.7496 -6.67293
-31.7715 -6.68261
-31.7914 -6.69125
-31.8084 -6.6985
-31.8289 -6.70712
